roadMunich = [0 48.15001996234059	11.790349949151278	0; ...
1	48.150069918483496	11.790639963001013	0; ...
2	48.150109983980656	11.790879936888814	0; ...
3	48.150149965658784	11.791139943525195	0; ...
4	48.15018994733691	11.79140992462635	0; ...
5	48.15022992901504	11.791669931262732	0; ...
6	48.1502699945122	11.791949970647693	0; ...
7	48.15029991790652	11.792169995605946	0; ...
8	48.15032992511988	11.792409969493747	0; ...
9	48.15035993233323	11.792659917846322	0; ...
10	48.15036999061704	11.792749939486384	0; ...
11	48.150389939546585	11.792909950017929	0; ...
12	48.15041994675994	11.793179931119084	0; ...
13	48.15045992843807	11.793559966608882	0; ...
14	48.15048993565142	11.79389993660152	0; ...
15	48.150519942864776	11.794259939342737	0; ...
16	48.15054995007813	11.794639974832535	0; ...
17	48.15056998282671	11.795029984787107	0; ...
18	48.15058993175626	11.795419994741678	0; ...
19	48.150599990040064	11.79578997194767	0; ...
20	48.15061993896961	11.796289952471852	0; ...
21	48.15062999725342	11.796749951317906	0; ...
22	48.15063997171819	11.797199975699186	0; ...
23	48.15063997171819	11.797619992867112	0; ...
24	48.15063997171819	11.798079991713166	0; ...
25	48.15063997171819	11.79853999055922	0; ...
26	48.15063997171819	11.798909967765212	0; ...
27	48.15063997171819	11.800159960985184	0; ...
28	48.15063997171819	11.800569919869304	0; ...
29	48.15063997171819	11.800939980894327	0; ...
30	48.15063997171819	11.80124994367361	0; ...
31	48.150649946182966	11.801609946414828	0; ...
32	48.15065992064774	11.801969949156046	0; ...
33	48.15067995339632	11.802399940788746	0; ...
34	48.1506999861449	11.802759943529963	0; ...
35	48.15071993507445	11.803109971806407	0; ...
36	48.15073996782303	11.80341993458569	0; ...
37	48.15076997503638	11.803769962862134	0; ...
38	48.15080995671451	11.80416994728148	0; ...
39	48.15084993839264	11.804569931700826	0; ...
40	48.15088992007077	11.804949967190623	0; ...
41	48.15092998556793	11.805299995467067	0; ...
42	48.15097994171083	11.805679947137833	0; ...
43	48.15103995613754	11.806119997054338	0; ...
44	48.151099970564246	11.806499948725104	0; ...
45	48.151159984990954	11.806869925931096	0; ...
46	48.15120994113386	11.807179972529411	0; ...
47	48.151269955560565	11.807519942522049	0; ...
48	48.15132996998727	11.807849938049912	0; ...
49	48.151399958878756	11.80820994079113	0; ...
50	48.15147992223501	11.808599950745702	0; ...
51	48.151549994945526	11.808929946273565	0; ...
52	48.15162995830178	11.809289949014783	0; ...
53	48.151719979941845	11.80966998450458	0; ...
54	48.151809917762876	11.810029987245798	0; ...
55	48.15189993940294	11.81037993170321	0; ...
56	48.151979986578226	11.81067992001772	0; ...
57	48.15206992439926	11.811009999364614	0; ...
58	48.152149971574545	11.811289954930544	0; ...
59	48.1522299349308	11.8115599360317	0; ...
60	48.152319956570864	11.81183997541666	0; ...
61	48.152409978210926	11.81211993098259	0; ...
62	48.15248994156718	11.812359988689423	0; ...
63	48.15254995599389	11.812539948150516	0; ...
64	48.15264995209873	11.812819987535477	0; ...
65	48.152749948203564	11.813099943101406	0; ...
66	48.1528499443084	11.813379982486367	0; ...
67	48.15294994041324	11.813649963587523	0; ...
68	48.15304993651807	11.813919944688678	0; ...
69	48.153159990906715	11.814209958538413	0; ...
70	48.1532799359411	11.814509946852922	0; ...
71	48.15339996479452	11.814819993451238	0; ...
72	48.15350993536413	11.815109923481941	0; ...
73	48.153609931468964	11.815379988402128	0; ...
74	48.1537099275738	11.815649969503284	0; ...
75	48.15382995642722	11.815969990566373	0; ...
76	48.15407998859882	11.81660994887352	0; ...
77	48.15441995859146	11.817479990422726	0; ...
78	48.15464995801449	11.81806999258697	0; ...
79	48.15493997186422	11.818829979747534	0; ...
80	48.15523996017873	11.819609999656677	0; ...
81	48.15559996291995	11.820549946278334	0; ...
82	48.15598997287452	11.821589972823858	0; ...
83	48.15609994344413	11.821879986673594	0; ...
84	48.156189965084195	11.822119960561395	0; ...
85	48.15626992844045	11.822329927235842	0; ...
86	48.156339917331934	11.82251994498074	0; ...
87	48.15641996450722	11.822739969938993	0; ...
88	48.156509986147285	11.822989918291569	0; ...
89	48.156599923968315	11.82324992492795	0; ...
90	48.156809974461794	11.823869934305549	0; ...
91	48.15700996667147	11.82444996200502	0; ...
92	48.157199984416366	11.82502998970449	0; ...
93	48.15738991834223	11.825629966333508	0; ...
94	48.15745999105275	11.825859965756536	0; ...
95	48.157779928296804	11.82689999230206	0; ...
96	48.157929964363575	11.827409947291017	0; ...
97	48.15802996046841	11.827779924497008	0; ...
98	48.158099949359894	11.828019982203841	0; ...
99	48.158249985426664	11.828589951619506	0; ...
100	48.15831997431815	11.828849958255887	0; ...
101	48.15838996320963	11.829119939357042	0; ...
102	48.15847998484969	11.82947994209826	0; ...
103	48.15851996652782	11.829639952629805	0; ...
104	48.15856992267072	11.829829970374703	0; ...
105	48.158659944310784	11.830189973115921	0; ...
106	48.15874996595085	11.830559950321913	0; ...
107	48.15883998759091	11.83093998581171	0]; 
